
Call:
PCA(X = cmt, scale.unit = TRUE, quanti.sup = 1, graph = F) 


Eigenvalues
                       Dim.1   Dim.2   Dim.3   Dim.4   Dim.5
Variance               5.672   2.581   1.899   0.498   0.169
% of var.             51.567  23.465  17.261   4.529   1.539
Cumulative % of var.  51.567  75.031  92.293  96.822  98.361
                       Dim.6   Dim.7   Dim.8   Dim.9  Dim.10
Variance               0.093   0.072   0.014   0.001   0.000
% of var.              0.848   0.653   0.128   0.010   0.000
Cumulative % of var.  99.209  99.862  99.990 100.000 100.000
                      Dim.11
Variance               0.000
% of var.              0.000
Cumulative % of var. 100.000

Individuals
         Dist    Dim.1    ctr   cos2    Dim.2    ctr   cos2  
1    |  7.088 | -6.440 56.249  0.826 |  2.560 19.536  0.130 |
2    |  3.757 | -1.501  3.054  0.160 | -3.418 34.812  0.828 |
3    |  2.204 | -1.343  2.445  0.371 | -1.207  4.341  0.300 |
4    |  3.057 | -0.397  0.213  0.017 | -2.616 20.388  0.732 |
5    |  1.807 | -0.967  1.269  0.287 | -0.192  0.110  0.011 |
6    |  1.532 | -0.284  0.109  0.034 |  0.203  0.123  0.018 |
7    |  1.571 |  0.129  0.023  0.007 | -0.985  2.891  0.393 |
8    |  3.159 |  0.041  0.002  0.000 |  1.269  4.800  0.161 |
9    |  1.938 |  0.774  0.812  0.159 |  1.409  5.917  0.529 |
10   |  4.364 |  3.226 14.110  0.546 |  0.680  1.378  0.024 |
11   |  2.820 |  2.446  8.110  0.752 |  0.552  0.909  0.038 |
12   |  2.200 |  1.561  3.303  0.503 |  0.661  1.304  0.090 |
13   |  3.286 |  2.756 10.299  0.704 |  1.082  3.492  0.109 |
      Dim.3    ctr   cos2  
1    -1.455  8.577  0.042 |
2     0.227  0.208  0.004 |
3     0.443  0.797  0.040 |
4    -1.361  7.509  0.198 |
5     1.138  5.242  0.396 |
6    -0.765  2.372  0.250 |
7     0.976  3.861  0.386 |
8     2.830 32.451  0.803 |
9     0.386  0.604  0.040 |
10   -2.727 30.135  0.391 |
11   -1.036  4.345  0.135 |
12    0.843  2.881  0.147 |
13    0.501  1.018  0.023 |

Variables
        Dim.1    ctr   cos2    Dim.2    ctr   cos2    Dim.3
GRP  | -0.918 14.856  0.843 |  0.128  0.639  0.017 |  0.235
MGT  |  0.816 11.742  0.666 | -0.293  3.316  0.086 | -0.039
UNC  | -0.216  0.821  0.047 | -0.581 13.070  0.337 |  0.770
SYN  | -0.074  0.098  0.006 |  0.564 12.343  0.319 | -0.805
HPT  | -0.497  4.362  0.247 | -0.760 22.355  0.577 | -0.038
ELC  |  0.973 16.680  0.946 | -0.059  0.134  0.003 |  0.023
SFW  | -0.322  1.824  0.103 |  0.773 23.150  0.598 |  0.488
STW  |  0.906 14.456  0.820 |  0.289  3.232  0.083 |  0.300
SDW  | -0.495  4.315  0.245 |  0.716 19.836  0.512 |  0.419
SMT  |  0.906 14.462  0.820 |  0.164  1.047  0.027 |  0.246
SWC  |  0.964 16.385  0.929 |  0.150  0.876  0.023 |  0.189
        ctr   cos2  
GRP   2.898  0.055 |
MGT   0.080  0.002 |
UNC  31.203  0.592 |
SYN  34.144  0.648 |
HPT   0.077  0.001 |
ELC   0.027  0.001 |
SFW  12.522  0.238 |
STW   4.740  0.090 |
SDW   9.247  0.176 |
SMT   3.178  0.060 |
SWC   1.884  0.036 |

Supplementary continuous variable
       Dim.1  cos2   Dim.2  cos2   Dim.3  cos2  
IBTH | 0.866 0.750 | 0.419 0.175 | 0.103 0.011 |
$Dim.1
$Dim.1$quanti
     correlation      p.value
ELC    0.9726909 2.535392e-08
SWC    0.9640696 1.127648e-07
SMT    0.9057062 2.029039e-05
STW    0.9055473 2.047273e-05
IBTH   0.8658890 1.300924e-04
MGT    0.8161081 6.675081e-04
GRP   -0.9179762 9.656175e-06


$Dim.2
$Dim.2$quanti
    correlation     p.value
SFW   0.7730060 0.001944295
SDW   0.7155392 0.005958766
SYN   0.5644402 0.044476510
UNC  -0.5808168 0.037387198
HPT  -0.7596110 0.002591512


$Dim.3
$Dim.3$quanti
    correlation      p.value
UNC   0.7697143 0.0020901133
SYN  -0.8051730 0.0008967743


